BBBBB...........
BBBBB...........
BBBB............
BBB.............
BB..............
................
................
................
................
................
................
..............WW
.............WWW
............WWWW
...........WWWWW
...........WWWWW

1 Black
E 2,3 3,4

1 White
E 13,12 12,11

2 Black
J 0,1 2,3
J 2,3 4,5

2 White
J 15,14 13,12
J 13,12 11,10

3 Black
J 1,1 3,3
J 3,3 3,5
J 3,5 5,5

3 White
J 14,14 12,12
J 12,12 12,10
J 12,10 10,10

4 Black
J 0,3 2,5
J 2,5 4,3

4 White
J 15,12 13,10
J 13,10 11,12

5 Black
J 2,0 4,2
J 4,2 4,4
J 4,4 6,6

5 White
J 13,15 11,13
J 11,13 11,11
J 11,11 9,9

6 Black
J 0,0 2,0
J 2,0 4,2
J 4,2 4,4
J 4,4 4,6

6 White
J 15,15 13,15
J 13,15 11,13
J 11,13 11,11
J 11,11 11,9

7 Black
J 3,2 5,4
J 5,4 5,6
J 5,6 7,6

7 White
J 12,13 10,11
J 10,11 10,9
J 10,9 8,9

8 Black
J 3,1 1,1
J 1,1 3,3
J 3,3 3,5
J 3,5 5,7

8 White
J 12,14 14,14
J 14,14 12,12
J 12,12 12,10
J 12,10 10,8

9 Black
J 1,0 3,2
J 3,2 5,4
J 5,4 5,6
J 5,6 5,8

9 White
J 14,15 12,13
J 12,13 10,11
J 10,11 10,9
J 10,9 10,7

10 Black
J 1,2 3,2
J 3,2 5,4
J 5,4 5,6

10 White
J 14,13 12,13
J 12,13 10,11
J 10,11 10,9

11 Black
J 3,0 5,0
J 5,0 3,2
J 3,2 5,4
J 5,4 3,6

11 White
J 12,15 14,13
J 14,13 12,13
J 12,13 10,11
J 10,11 12,9

12 Black
J 0,2 2,4
J 2,4 4,4

12 White
J 15,13 13,11
J 13,11 11,11

13 Black
J 1,3 3,1
J 3,1 1,1
J 1,1 3,3
J 3,3 5,3
J 5,3 3,5
J 3,5 3,7

13 White
J 14,12 12,14
J 12,14 14,14
J 14,14 12,12
J 12,12 12,10
J 12,10 12,8

14 Black
J 2,1 2,3
J 2,3 0,5
J 0,5 0,3
J 0,3 2,5
J 2,5 4,7
J 4,7 6,5
J 6,5 8,7

14 White
J 13,14 13,12
J 13,12 15,10
J 15,10 15,12
J 15,12 13,10

15 Black
E 1,4 1,5

15 White
J 15,11 13,11
J 13,11 13,9
J 13,9 11,7
J 11,7 9,7
J 9,7 7,7
J 7,7 7,5

16 Black
J 0,4 2,6
J 2,6 4,8
J 4,8 6,8

16 White
E 13,13 12,12

17 Black
E 2,2 3,3

17 White
J 11,15 11,13
J 11,13 13,11
J 13,11 13,9
J 13,9 11,7
J 11,7 9,7
J 9,7 7,7

18 Black
E 4,1 5,1

18 White
E 14,11 13,11

19 Black
J 4,0 6,2

19 White
E 11,14 10,13

20 Black
J 4,3 2,5
J 2,5 4,7
J 4,7 6,5
J 6,5 8,5
J 8,5 6,7
J 6,7 6,9

20 White
J 10,10 8,8
J 8,8 8,6
J 8,6 6,4

21 Black
J 7,6 9,8
J 9,8 11,8
J 11,8 13,8

21 White
J 12,12 10,10
J 10,10 8,8
J 8,8 8,6

22 Black
J 3,4 5,4
J 5,4 7,4
J 7,4 7,6
J 7,6 9,6
J 9,6 11,8

22 White
J 11,10 9,8
J 9,8 7,6
J 7,6 7,4
J 7,4 5,4
J 5,4 3,4
J 3,4 3,2

23 Black
J 3,6 5,4
J 5,4 7,4
J 7,4 7,6
J 7,6 9,6
J 9,6 7,8
J 7,8 9,10
J 9,10 9,8
J 9,8 11,10
J 11,10 13,12

23 White
J 11,12 11,10
J 11,10 9,8
J 9,8 7,6
J 7,6 7,4
J 7,4 5,4
J 5,4 3,4

24 Black
J 6,6 8,8
J 8,8 10,10
J 10,10 12,12
J 12,12 12,10
J 12,10 14,12

24 White
J 10,8 12,10
J 12,10 14,10
J 14,10 12,12
J 12,12 10,10
J 10,10 8,8
J 8,8 6,6
J 6,6 4,8
J 4,8 2,6
J 2,6 0,4

25 Black
J 4,4 6,6
J 6,6 8,8
J 8,8 10,10
J 10,10 10,8
J 10,8 12,10
J 12,10 10,12
J 10,12 10,14

25 White
J 12,8 12,10
J 12,10 10,8
J 10,8 10,10
J 10,10 8,8
J 8,8 6,6
J 6,6 4,4
J 4,4 2,2

26 Black
J 5,6 5,4
J 5,4 7,4
J 7,4 7,6
J 7,6 9,6
J 9,6 7,8
J 7,8 9,10
J 9,10 9,8
J 9,8 11,10
J 11,10 11,12
J 11,12 9,14
J 9,14 11,14

26 White
J 13,10 11,12
J 11,12 11,10
J 11,10 9,8
J 9,8 7,6
J 7,6 7,4
J 7,4 5,4

27 Black
E 10,14 11,15

27 White
E 13,11 12,10

28 Black
J 4,6 4,4
J 4,4 6,6
J 6,6 8,8
J 8,8 10,10
J 10,10 12,12

28 White
E 3,4 2,3

29 Black
E 12,12 12,13

29 White
J 5,4 5,6
J 5,6 3,4
J 3,4 1,2

30 Black
J 6,8 4,6
J 4,6 4,4
J 4,4 6,6
J 6,6 8,8
J 8,8 10,10
J 10,10 12,12
J 12,12 12,14

30 White
E 12,11 11,10

31 Black
E 3,3 3,4

31 White
J 12,10 10,8
J 10,8 12,8
J 12,8 10,10
J 10,10 8,8
J 8,8 6,6
J 6,6 4,4
J 4,4 2,4

32 Black
J 3,4 5,6
J 5,6 5,4
J 5,4 7,4
J 7,4 7,6
J 7,6 9,6
J 9,6 7,8
J 7,8 9,10

32 White
J 11,10 9,8
J 9,8 7,6
J 7,6 7,4
J 7,4 5,4
J 5,4 5,6
J 5,6 3,4
J 3,4 1,4

33 Black
J 5,1 7,3

33 White
E 11,11 11,10

34 Black
J 6,2 8,4
J 8,4 6,6
J 6,6 8,8
J 8,8 10,10
J 10,10 10,8
J 10,8 12,8
J 12,8 12,10

34 White
J 11,10 9,8
J 9,8 7,6
J 7,6 7,4
J 7,4 5,4
J 5,4 5,6
J 5,6 3,4

35 Black
E 1,5 2,6

35 White
E 2,4 1,3

36 Black
J 2,6 4,8
J 4,8 6,6
J 6,6 8,8
J 8,8 10,10
J 10,10 10,8
J 10,8 12,8
J 12,8 14,8

36 White
J 8,6 8,8
J 8,8 6,6
J 6,6 4,4
J 4,4 2,4
J 2,4 0,2

37 Black
J 5,8 5,6
J 5,6 5,4
J 5,4 7,4
J 7,4 7,6
J 7,6 9,8
J 9,8 11,10
J 11,10 13,10

37 White
E 12,9 12,8

38 Black
E 13,10 14,11

38 White
J 12,8 10,10
J 10,10 8,8
J 8,8 6,6
J 6,6 4,4

39 Black
E 4,5 5,6

39 White
E 10,9 9,8

40 Black
J 11,8 11,10
J 11,10 13,10
J 13,10 15,12

40 White
J 9,8 7,6
J 7,6 7,4
J 7,4 5,4

41 Black
J 5,6 5,8
J 5,8 7,10
J 7,10 9,8

41 White
E 11,9 10,8

42 Black
J 9,10 7,8
J 7,8 9,6
J 9,6 11,8

42 White
J 10,8 8,10
J 8,10 8,8
J 8,8 6,6
J 6,6 4,8
J 4,8 2,6

43 Black
E 3,7 4,8

43 White
J 9,9 7,9
J 7,9 5,9
J 5,9 3,7

44 Black
J 4,8 6,6
J 6,6 8,8
J 8,8 10,8
J 10,8 12,8

44 White
J 7,5 5,3
J 5,3 3,5
J 3,5 3,3
J 3,3 1,1

45 Black
E 7,3 8,4

45 White
E 6,4 5,3

46 Black
E 5,7 6,8

46 White
E 7,7 7,6

47 Black
E 8,4 7,5

47 White
E 10,7 9,6

48 Black
J 7,5 7,7
J 7,7 9,7
J 9,7 9,9

48 White
E 9,6 8,5

49 Black
E 6,8 7,9

49 White
J 5,3 3,5
J 3,5 3,3
J 3,3 3,1

50 Black
E 6,9 7,10

50 White
E 3,7 2,7

51 Black
E 7,9 8,10

51 White
J 2,7 2,5
J 2,5 0,3
J 0,3 0,1

52 Black
J 7,10 9,10

52 White
E 2,6 2,5

53 Black
E 5,5 6,5

53 White
J 2,5 0,3

54 Black
J 8,7 10,9
J 10,9 12,7
J 12,7 14,9
J 14,9 14,7
J 14,7 12,9
J 12,9 12,11
J 12,11 14,13

54 White
J 8,9 10,7
J 10,7 12,9
J 12,9 12,7
J 12,7 10,9
J 10,9 8,7

55 Black
E 9,8 10,9

55 White
E 5,4 4,3

56 Black
J 9,9 11,9
J 11,9 13,11
J 13,11 15,11
J 15,11 15,13

56 White
J 4,4 4,2
J 4,2 2,0

57 Black
J 10,9 8,11
J 8,11 8,9
J 8,9 10,11

57 White
J 3,2 3,0
J 3,0 1,0

58 Black
E 6,5 6,6

58 White
J 8,7 6,5

59 Black
J 8,10 10,10
J 10,10 10,12
J 10,12 10,14

59 White
J 7,6 5,4
J 5,4 3,2

60 Black
J 9,10 11,12
J 11,12 13,14

60 White
J 4,3 2,1

61 Black
E 11,8 11,9

61 White
J 1,2 3,0

62 Black
E 6,6 7,7

62 White
J 3,4 1,2

63 Black
E 7,7 8,8

63 White
E 10,13 11,12

64 Black
E 10,11 10,12

64 White
E 11,12 11,11

65 Black
J 12,8 10,10
J 10,10 12,12

65 White
E 11,11 10,10

66 Black
J 11,9 13,11
J 13,11 15,11
J 15,11 13,13

66 White
E 10,10 9,9

67 Black
J 8,8 10,10

67 White
E 9,9 8,8

68 Black
E 10,10 11,9

68 White
E 8,8 7,7

69 Black
E 13,8 14,9

69 White
E 8,5 7,6

70 Black
J 11,9 13,11
J 13,11 11,13
J 11,13 13,15

70 White
J 7,7 7,5
J 7,5 5,5

71 Black
J 14,8 14,10

71 White
J 7,6 5,4

72 Black
E 14,10 15,11

72 White
J 5,5 5,3

73 Black
E 10,12 10,13

73 White
E 5,3 4,2

74 Black
E 12,10 13,11

74 White
J 6,5 4,3
J 4,3 4,1

75 Black
E 14,9 15,10

75 White
J 4,2 4,0

76 Black
J 10,13 12,15
J 12,15 14,15

76 White
E 1,1 0,0

77 Black
J 12,12 14,14

77 White
E 2,1 1,1

78 Black
E 15,13 15,14

78 White
E 5,4 4,3

79 Black
J 13,11 15,13
J 15,13 15,15

79 White
J 4,3 2,1

