BBBBB...........
BBBBB...........
BBBB............
BBB.............
BB..............
................
................
................
................
................
................
..............WW
.............WWW
............WWWW
...........WWWWW
...........WWWWW

1 White
E 13,12 12,11

1 Black
E 2,3 3,4

2 White
J 15,14 13,12
J 13,12 11,10

2 Black
J 0,1 2,3
J 2,3 4,5

3 White
J 14,14 12,12
J 12,12 12,10
J 12,10 10,10

3 Black
J 1,1 3,3
J 3,3 3,5
J 3,5 5,5

4 White
J 15,12 13,10
J 13,10 11,12

4 Black
J 0,3 2,5
J 2,5 4,3

5 White
J 13,15 11,13
J 11,13 11,11
J 11,11 9,9

5 Black
J 2,0 4,2
J 4,2 4,4
J 4,4 6,6

6 White
J 15,15 13,15
J 13,15 11,13
J 11,13 11,11
J 11,11 11,9

6 Black
J 0,0 2,0
J 2,0 4,2
J 4,2 4,4
J 4,4 4,6

7 White
J 12,13 10,11
J 10,11 10,9
J 10,9 8,9

7 Black
J 3,2 5,4
J 5,4 5,6
J 5,6 7,6

8 White
J 12,14 14,14
J 14,14 12,12
J 12,12 12,10
J 12,10 10,8

8 Black
J 3,1 1,1
J 1,1 3,3
J 3,3 3,5
J 3,5 5,7

9 White
J 14,15 12,13
J 12,13 10,11
J 10,11 10,9
J 10,9 10,7

9 Black
J 1,0 3,2
J 3,2 5,4
J 5,4 5,6
J 5,6 5,8

10 White
J 14,13 12,13
J 12,13 10,11
J 10,11 10,9

10 Black
J 1,2 3,2
J 3,2 5,4
J 5,4 5,6

11 White
J 12,15 14,13
J 14,13 12,13
J 12,13 10,11
J 10,11 12,9

11 Black
J 3,0 5,0
J 5,0 3,2
J 3,2 5,4
J 5,4 3,6

12 White
J 15,13 13,11
J 13,11 11,11

12 Black
J 0,2 2,4
J 2,4 4,4

13 White
J 14,12 12,14
J 12,14 14,14
J 14,14 12,12
J 12,12 12,10
J 12,10 12,8

13 Black
J 1,3 3,1
J 3,1 1,1
J 1,1 3,3
J 3,3 5,3
J 5,3 3,5
J 3,5 3,7

14 White
J 13,14 13,12
J 13,12 15,10
J 15,10 15,12
J 15,12 13,10
J 13,10 11,8
J 11,8 9,10
J 9,10 7,8

14 Black
J 2,1 2,3
J 2,3 0,5
J 0,5 0,3
J 0,3 2,5

15 White
E 14,11 14,10

15 Black
J 0,4 2,4
J 2,4 2,6
J 2,6 4,8
J 4,8 6,8
J 6,8 8,8
J 8,8 8,10

16 White
J 15,11 13,9
J 13,9 11,7
J 11,7 9,7

16 Black
E 2,2 3,3

17 White
E 13,13 12,12

17 Black
J 4,0 4,2
J 4,2 2,4
J 2,4 2,6
J 2,6 4,8
J 4,8 6,8
J 6,8 8,8

18 White
E 11,14 10,14

18 Black
E 1,4 2,4

19 White
J 11,15 9,13

19 Black
E 4,1 5,2

20 White
J 11,9 9,11
J 9,11 7,9
J 7,9 7,7
J 7,7 7,5

20 Black
J 5,5 7,7
J 7,7 7,9
J 7,9 9,11
J 9,11 11,9
J 11,9 13,9
J 13,9 15,11

21 White
J 9,9 7,7
J 7,7 5,5
J 5,5 3,5
J 3,5 1,3

21 Black
J 3,3 5,3
J 5,3 3,5
J 3,5 5,5
J 5,5 7,7
J 7,7 9,9
J 9,9 11,7
J 11,7 13,9

22 White
J 11,12 13,10
J 13,10 11,8
J 11,8 9,6

22 Black
J 2,4 2,6
J 2,6 4,8
J 4,8 6,8

23 White
J 10,8 8,6
J 8,6 6,4

23 Black
J 2,5 4,7
J 4,7 6,5
J 6,5 8,5
J 8,5 6,7
J 6,7 6,9

24 White
J 8,9 6,7
J 6,7 6,5
J 6,5 6,3
J 6,3 4,1

24 Black
J 5,8 7,10
J 7,10 9,10
J 9,10 11,8
J 11,8 13,8
J 13,8 13,10
J 13,10 15,10
J 15,10 15,12

25 White
J 11,11 9,9
J 9,9 7,7
J 7,7 5,5
J 5,5 3,3
J 3,3 5,3
J 5,3 5,1
J 5,1 3,1

25 Black
J 5,6 5,8
J 5,8 7,10
J 7,10 9,10
J 9,10 11,8
J 11,8 13,8
J 13,8 13,10
J 13,10 11,12
J 11,12 13,12

26 White
E 12,12 11,11

26 Black
J 3,7 3,5
J 3,5 3,3
J 3,3 5,5
J 5,5 7,7
J 7,7 9,9
J 9,9 11,9
J 11,9 9,11

27 White
J 12,11 10,11
J 10,11 8,11
J 8,11 8,9
J 8,9 6,7
J 6,7 4,7
J 4,7 2,5

27 Black
J 3,4 5,6
J 5,6 5,8
J 5,8 7,10
J 7,10 9,10
J 9,10 9,12
J 9,12 9,14
J 9,14 11,14

28 White
J 11,10 13,8
J 13,8 13,10
J 13,10 11,8
J 11,8 9,10
J 9,10 7,10
J 7,10 5,8
J 5,8 5,6
J 5,6 3,4
J 3,4 5,4
J 5,4 3,2

28 Black
J 4,5 4,7
J 4,7 6,7
J 6,7 6,5
J 6,5 8,7
J 8,7 8,9
J 8,9 8,11
J 8,11 10,11
J 10,11 12,11
J 12,11 14,13

29 White
J 11,11 9,9
J 9,9 7,7
J 7,7 5,5
J 5,5 3,3

29 Black
J 4,3 4,5
J 4,5 4,7
J 4,7 6,7
J 6,7 6,5
J 6,5 8,7
J 8,7 8,9
J 8,9 8,11
J 8,11 10,11

30 White
J 10,7 8,5
J 8,5 6,7
J 6,7 4,7
J 4,7 4,5
J 4,5 4,3
J 4,3 2,1

30 Black
J 3,6 5,6
J 5,6 5,8
J 5,8 7,10
J 7,10 9,10
J 9,10 11,12

31 White
J 9,13 11,15
J 11,15 11,13
J 11,13 11,11
J 11,11 9,9

31 Black
J 5,2 3,0
J 3,0 1,2
J 1,2 1,4
J 1,4 3,6
J 3,6 5,6
J 5,6 5,8
J 5,8 7,10
J 7,10 9,10
J 9,10 9,8
J 9,8 11,10

32 White
J 10,9 8,9
J 8,9 6,7
J 6,7 4,7
J 4,7 4,5
J 4,5 4,3
J 4,3 2,3
J 2,3 0,3

32 Black
J 6,9 6,7
J 6,7 6,5
J 6,5 8,5
J 8,5 10,7
J 10,7 8,7
J 8,7 8,9
J 8,9 10,9
J 10,9 12,11
J 12,11 10,13
J 10,13 10,15
J 10,15 12,13

33 White
J 7,8 5,8
J 5,8 5,6
J 5,6 3,6
J 3,6 1,4
J 1,4 1,2

33 Black
J 9,11 11,9
J 11,9 11,11
J 11,11 11,13
J 11,13 13,13
J 13,13 15,13

34 White
E 3,3 2,2

34 Black
J 6,6 8,6
J 8,6 10,8

35 White
J 9,6 9,8
J 9,8 7,8
J 7,8 5,8
J 5,8 5,6
J 5,6 3,6
J 3,6 1,4

35 Black
J 5,7 7,9
J 7,9 9,11
J 9,11 11,9
J 11,9 11,11
J 11,11 11,13
J 11,13 13,13

36 White
J 9,9 11,11
J 11,11 11,9
J 11,9 9,11
J 9,11 7,9
J 7,9 5,7
J 5,7 3,5
J 3,5 5,3

36 Black
E 4,6 5,7

37 White
E 10,14 10,13

37 Black
J 5,7 7,9
J 7,9 9,11
J 9,11 11,9
J 11,9 11,11
J 11,11 11,13
J 11,13 11,15

38 White
J 10,13 12,11
J 12,11 10,9
J 10,9 10,7
J 10,7 8,7
J 8,7 6,5
J 6,5 6,3
J 6,3 4,3

38 Black
E 7,6 8,7

39 White
E 9,7 9,6

39 Black
E 8,8 9,8

40 White
E 12,8 11,7

40 Black
J 8,7 10,9
J 10,9 12,11
J 12,11 10,13
J 10,13 12,15

41 White
J 14,10 12,8
J 12,8 10,6
J 10,6 8,6

41 Black
E 4,4 5,4

42 White
J 6,4 4,2
J 4,2 2,0

42 Black
E 5,4 6,5

43 White
J 9,6 7,6
J 7,6 5,4
J 5,4 5,2
J 5,2 3,0
J 3,0 1,0

43 Black
J 6,5 8,5
J 8,5 8,7
J 8,7 10,9
J 10,9 12,11

44 White
J 8,6 6,4
J 6,4 4,2
J 4,2 4,0

44 Black
J 9,8 11,8

45 White
J 12,9 10,7

45 Black
J 10,8 10,6
J 10,6 12,8
J 12,8 14,10

46 White
J 5,3 3,3
J 3,3 1,1

46 Black
J 10,11 12,9
J 12,9 14,9
J 14,9 14,11

47 White
J 11,7 11,9
J 11,9 9,11
J 9,11 7,9
J 7,9 5,7

47 Black
J 11,12 13,14

48 White
E 0,3 0,2

48 Black
E 6,8 7,9

49 White
J 2,5 0,3
J 0,3 0,1

49 Black
J 7,9 9,11
J 9,11 11,9
J 11,9 11,11
J 11,11 13,11

50 White
E 2,1 3,0

50 Black
J 14,10 14,12
J 14,12 12,10
J 12,10 12,12
J 12,12 14,14

51 White
J 10,10 12,10
J 12,10 14,12
J 14,12 14,10
J 14,10 12,8
J 12,8 10,8
J 10,8 10,6

51 Black
E 11,8 12,8

52 White
J 4,3 2,1

52 Black
J 12,8 14,10
J 14,10 14,12
J 14,12 12,10
J 12,10 12,12
J 12,12 12,14

53 White
E 10,7 9,6

53 Black
E 8,10 9,11

54 White
J 10,6 8,6
J 8,6 6,4

54 Black
E 13,12 14,12

55 White
J 2,0 0,0

55 Black
J 11,10 13,12
J 13,12 15,14

56 White
E 6,4 5,3

56 Black
E 12,11 13,12

57 White
E 9,6 8,6

57 Black
E 9,11 10,12

58 White
J 8,6 6,4
J 6,4 4,2
J 4,2 2,0

58 Black
E 13,9 14,10

59 White
J 2,2 0,4

59 Black
E 14,10 15,10

60 White
E 7,5 6,4

60 Black
E 13,11 12,12

61 White
J 6,4 4,2
J 4,2 2,2

61 Black
E 10,12 11,13

62 White
J 2,1 2,3
J 2,3 0,5
J 0,5 0,3

62 Black
J 12,13 14,15

63 White
E 5,3 4,3

63 Black
J 11,13 13,15

64 White
J 4,3 2,1

64 Black
J 14,11 12,13

65 White
E 5,7 4,6

65 Black
E 15,10 14,11

66 White
E 4,6 3,5

66 Black
J 13,13 15,15

67 White
E 3,5 2,4

67 Black
E 12,12 13,13

